-0.011186405982441387
0.14574121663474512
0.5469805103578242
0.5912413507873789
0.5979518311619758
0.8052136636293296
0.8308456381539164
1.319021718491191
1.4228653982610144
1.6529523702108238
1.2677116887254474
1.52447288002331
1.6280588345810103
1.7215503682638562
1.7664541589822225
1.8215444607919018
1.7780894884346738
1.676095487069909
1.782305758330114
1.7442489996933204
1.5671731283880768
1.4416031939418965
1.3633521627559935
1.33422014181582
1.2749261981363618
1.1144816508405366
0.9956137229725702
0.623822508014689
0.5843030946295534
0.7136202411497397
0.49578187100599047
0.27535914106065795
0.14351172630903752
0.054834589843892
-0.13664170926520403
0.012744887577292308
-0.1038595763059238
-0.19052271908109852
-0.42154214364450915
-0.35015226006320843
-0.35744858715659966
-0.3748293549095374
-0.5098617514656694
-0.25973883550695187
-0.20828284582388523
-0.31154992237710216
-0.043538953253075274
-0.13997155567658204
-0.0790519314997617
0.04271763057575689
0.004279007549420479
-0.02204560684434373
0.0975402279554072
0.21186721877341946
0.21302453057919446
0.2432117597952736
0.44437367359780733
0.3458215387997617
0.3660831167537909
0.3097203696353995
0.2580663413994887
0.2718042936984959
0.54930588297326
0.16134701772030635
0.0942971619675691
0.05832540078785997
0.09034382784913464
0.19488085804622635
-0.14916078370056318
-0.2468456730977453
-0.49488147090841145
-0.6655746129412469
-0.6759422311021427
-0.722063721709808
-0.9950849210061943
-0.9648876617154192
-1.026293089986579
-1.3454607663408285
-1.2886099536938456
-1.5587800984717086
-1.4274295992789097
-1.558873894666827
-1.82826341082897
-1.7319639919583316
-1.6944758429439437
-1.7596777965097132
-1.6733683330851026
-1.666687079559395
-1.706821816499682
-1.4390004449697105
-1.6191552050182878
-1.454632263486082
-1.4321917595253089
-1.0802450373639625
-1.0288242375741778
-0.8785110901772928
-0.6183273174232212
-0.5288841011704692
-0.43184745557996507
-0.18975594749900393
-0.062479194704285854
0.24405030219064217
0.20245968925457755
0.6887858034542726
0.6987958845240285
0.8421000966019303
0.9987478092071221
1.3086947171075582
1.3122999424666748
1.4450026209633187
1.5900401056275544
1.5173381121852518
1.575697460849995
1.6314674394695525
1.7026388365821574
1.7730223704746373
1.6482151580321092
1.6794918952757185
1.6347955707266775
1.5441037381756475
1.561598610004292
1.5171224201446258
1.435391028130527
1.11402327794501
1.029722304699182
1.0026231216123007
0.9696334435011931
0.5741455582296179
0.6068119500020204
0.6255421197877191
0.4230181015018525
0.3322565130303591
0.1274960733747338
-0.14530603320621038
0.15181270959531634
-0.1864957838536735
-0.20235599380064495
-0.24581416801934441
-0.24850650099824667
-0.39235427660648436
-0.21621915165849248
-0.4601789584931175
-0.517187403280992
-0.37668229636274925
-0.34509131147521416
-0.2398574970302012
-0.3357279792772948
-0.3314243155022787
-0.2546371160226162
0.03701471757437311
-0.1552477347341536
0.07916448006012296
0.06330594837316408
0.21551637889097416
0.1932421823840289
0.19296926326365976
0.4788636794444263
0.25808359483461746
0.3715178324813106
0.3154151422690715
0.43205614213835586
0.3531814035811962
0.26930348433267204
0.020645683094623557
0.07374294198515952
0.27069516797908344
-0.11021615329095036
-0.0649420172977756
-0.1477148652565562
-0.07583221721033606
-0.2756146352543094
-0.6699236868870339
-0.5390455651088618
-0.7351589864536593
-0.7760905831436324
-1.0483362779710825
-1.0323879090439532
-1.2222470552399758
-1.438333045847551
-1.4506927217498293
-1.578207030991378
-1.4975219728847908
-1.7098529786481431
-1.8146790305247205
-1.830240933914863
-1.7022627665716326
-1.946143915322418
-1.6627584165713376
-1.7397942078553144
-1.6882472717069585
-1.3185806278852779
-1.3370357489199116
-1.1418249619813856
-1.0593405046700348
-1.0802246852477055
-0.8967918260267401
-0.7062121476826372
-0.6323599383775478
-0.23592210301084843
-0.1536629744981497
0.04127716222288585
0.28932300656673776
0.29813018604903146
0.6799242169442854
0.6278451573091748
0.8384188641052951
0.9568212536319962
1.1495283223245107
1.400357121649421
1.66257466420706
1.411533507641055
1.5774249373426859
1.6765184631107908
1.570793775598112
1.8483877701074882
1.7351779348674987
1.7620238304400853
1.7003787807843678
1.81222336943737
1.5345824612923469
1.617178238736787
1.4969209792994729
1.3207874382625358
1.1349995794875416
1.135771293938929
0.864396857289089
1.0398995447317383
0.7633982785367446
0.67846132086336
0.6757030950468953
0.30641253965228255
0.20740383056035094
-0.07722625794050497
0.03847362920867725
-0.09082788572549949
-0.003650085407125192
-0.2750936554004445
-0.2670719179665847
-0.37637660578428
-0.3029762138502834
-0.37182153015553854
-0.17899865912159574
-0.5817581394312943
-0.21354625110426084
-0.14167647202027284
-0.17939049733001167
-0.08016635376469741
-0.217570359254221
-0.033434576150753015
0.03702977676018565
-0.08746677947938603
0.01296542141690854
0.016796553053911534
0.07662629480260369
0.0374791095651936
0.47093293997504276
0.3109141044849263
0.5261838107641588
0.4205510451974267
0.5710730187031356
0.27271248235875
0.24785541027205116
0.4005265506622
0.31920166741704725
0.07668455187072942
0.20516653799001683
-0.04655737022365214
0.1359753156578375
-0.1268897374009611
-0.28484560172574114
-0.29677911999334283
-0.47590662861311567
-0.5537383184361538
-0.6505812697187379
-0.8834782932590647
-1.0077618301390545
-1.1664556436523097
-1.296095877415066
-1.3557888286198039
-1.587312961421362
-1.484822459549492
-1.575016810944439
-1.81620017163601
-1.6152849291698312
-1.6224785460663558
-1.8465319487479952
-1.7252859145407604
-1.7022850589788194
-1.5632711154087864
-1.6701861384184855
-1.5207707880738395
-1.385386693468773
-1.3611173606992057
-1.3398237278303053
-0.9171290724219134
-0.7893949839960205
-0.5566864799154206
-0.48865923786592214
-0.35233666339612674
-0.17634557613212448
-0.05822806656668189
0.2810101901797174
0.5003249961277632
0.5338813752320756
0.6232345680397603
0.8419865154331518
1.2272149552682459
1.1119999261142486
1.5810333682314575
1.4530957839259115
1.4917760469627064
1.8888565660525685
1.6407898204919558
1.8407132982058074
1.88070203361061
1.6293355882741647
1.6984579931724646
1.6635331745399435
1.576356335337096
1.364082502065555
1.5660381314131864
1.3379514719216845
1.2900448131739461
1.2371710327072751
1.1830317062363516
1.0412216862495125
0.8002548228855764
0.8020558342716935
0.672990227342966
0.31910904907493987
0.31427452943388845
0.21890723816853797
0.13222742673018384
-0.15010660789682417
-0.12646205697762702
0.04178101403785239
-0.2636690295108923
-0.27243574494088807
-0.37751330578297515
-0.25832844709649416
-0.3598285628618031
-0.43410239552856156
-0.20488085974668147
-0.361960926580897
-0.48199483217855243
-0.3990730331024
-0.28211151418083014
-0.055761787938082286
-0.053244240201531595
-0.1184168995113802
0.12701946779483575
-0.009489135862125742
0.18266585319524511
0.0926190096118219
0.23379885583593155
0.48790296109262893
0.09953708854074711
0.46337939537938727
0.4249283482389813
0.4203577956650363
0.2273892748085088
0.31122042410562734
0.3783370251038808
0.21620287924005255
0.31296882189510244
0.17041971571838643
0.018095329374868574
-0.02616660139436755
-0.06737479247914246
-0.46573906546687793
-0.5571346101736673
-0.6103382436573371
-0.6005103520187585
-0.7031809152342045
-0.9766295711469137
-0.9960360514074514
-1.2561366703137884
-1.363837889337091
-1.531822096565771
-1.5354773513048978
-1.6069258273713112
-1.586817568900824
-1.6533543134208624
-1.7472784580770715
-1.8883563262553396
-1.65072166835517
-1.8389009044995421
-1.576858683352762
-1.6750967743300171
-1.7231695315654991
-1.546542955105508
-1.5121489944212456
-1.26635222550805
-1.1251500670836714
-0.8725640360168958
-0.7468692739873936
-0.8750424630346318
-0.4669037036829532
-0.4647338384876244
-0.07569009593826809
-0.0131995887024839
0.14270822305275732
0.3947838962866167
0.47842941497899333
0.7329090040149177
0.9801594919032722
1.1670796003943535
1.0417973364789797
1.215503604743694
1.386323483273925
1.5779205890460792
1.4644076551478542
1.734178202155968
1.7444830983953383
1.760995772724921
1.854396508573024
1.7365119613192554
1.7909654475609083
1.643390769454848
1.4947260217667706
1.6311715919393497
1.316115665964311
1.2493878648273053
1.1698707589870385
1.3579524093679742
1.0851751447805555
0.6896263625784744
0.5871626350366193
0.7251414791385449
0.4980869226037646
0.3615057415750187
0.3405341012626649
0.12949126981649428
0.05002303791698304
-0.12188159982844726
-0.08953580160021246
-0.2567134923047414
-0.4413909801234819
-0.34769271726377005
-0.37763690743281375
-0.3134860261257808
-0.569130565122618
-0.49878691283826715
-0.20812727153662586
-0.3836004629219782
-0.21793909562113922
-0.29309933087225737
-0.18624960198264523
0.0836134199556545
0.08331021950403539
-0.20019908078578758
0.11228447583458119
0.04478315293462723
0.09305543110631576
0.44763774598569195
0.07901079463795613
0.36276968821824473
0.3589754131298711
0.44013382658330596
0.22479006795762368
0.443917723318195
0.37292357332395465
0.22554671572908425
0.3079507312810148
0.31973172456254884
0.04128675405013704
0.067939409710016
-0.015606854859183117
-0.21927231298338712
-0.27416079708177377
-0.22484996031557913
-0.3644844290659396
-0.6576745563460025
-0.6457356253310804
-0.7821506116070114
-0.9752215408685241
-1.2083243546029732
-1.277654998639819
-1.307787335391944
-1.4883603085175539
-1.742337872509308
-1.4910602772420063
-1.5323542163220074
-1.6495375892106283
-1.823177212055206
-1.6551444619137552
-1.8830596410494327
-1.8382661756412026
-1.8004272058649886
-1.461692974836731
-1.645950837134845
-1.4604952128078197
-1.2841303163816622
-1.3270075813633824
-1.0818727278520766
-0.8342968288658874
-0.6415874989885373
-0.5390980933528229
-0.39433552533909344
-0.2546698973617851
-0.17677125333062876
0.24892932859642428
0.39641933081324654
0.5235104545573961
0.6866169746821921
0.7407103311780437
1.0272829271898403
1.1043487648789634
1.3392143963166316
1.4428853141650158
1.5543747474829606
1.7085171476121102
1.6986396315413244
1.7355178880146722
1.849942913620081
1.650317179325246
1.9084751001632418
1.7630903127663626
1.5374242122440016
1.481252233444796
1.4421728214299891
1.5241450727562944
1.3133383667243095
1.3003410177216885
0.9876260308356928
0.9024505000787687
0.8621918034160851
0.8036033009507544
0.779285232681956
0.6638014911790135
0.35503942794172483
-0.0010191094616507357
0.07403562030103505
0.03288029488993616
0.07503988946891427
-0.06265326173219854
-0.4347515704441006
-0.3581320595082158
-0.46886085717441406
-0.28320639170964335
-0.288733954759537
-0.3105547466291073
-0.22209909004086442
-0.3152366856708822
-0.3786636875588124
-0.2235061203226526
-0.2361451791323947
-0.2687340135458166
-0.11432148717129464
-0.11089235091854646
-0.02457042129567658
0.12459908262403231
0.028006347549628302
0.2597495711058191
0.13993352434092768
0.282432105413035
0.24416693937267298
0.3012361156792697
0.4169702708046122
0.22754701184707016
0.48580554486400596
0.42556122825686127
0.28877248832506497
0.2781023623635617
0.3162403818809676
0.22796973264366693
0.05301348724982191
-0.05022660518148747
0.04131525472760178
-0.09203499491223976
-0.3876635385039381
-0.376567160786895
-0.5803443350304499
-0.7815877287272621
-0.8395315175703837
-0.9286501825970065
-1.1202646784612396
-1.1806256208193469
-1.4213715435289294
-1.5736320063106555
-1.5436745386662225
-1.7287456626900812
-1.8063881298737314
-1.6633814305164
-1.8624949791359038
-1.8150537078534241
-1.7913089564807205
-1.672835907191905
-1.5816208097260516
-1.4365145834649544
-1.5554295768184638
-1.4840729539637605
-1.3418913301355966
-1.1115168920541079
-1.0423739647666153
-0.9386587153465685
-0.6229037015711991
-0.3709823491688007
-0.43715516994198655
-0.34390228369683906
-0.18922135444942295
0.24671171768229852
0.3963566225636257
0.5591587427327822
0.6253036948276696
0.8879356639714078
0.8573542530330617
1.2348364246466874
1.1188789157873031
1.3696677682654066
1.5366836150845087
1.7133485898853982
1.7226770794242323
1.9198265909926249
1.8670768982207964
1.7543516342296477
1.584934349101459
1.6408983906094428
1.538674558871291
1.626380721074552
1.6446718008559085
1.3639056216122163
1.3016069486319337
1.2143333539723125
1.0973786662926466
1.0955789715780497
0.9242840656598685
0.7062899838970337
0.7236357679744441
0.39688397847693613
0.3608211807718018
0.05168297343533146
-0.02677174595550469
0.17807918635208975
-0.046994626916601834
-0.23610713199816358
-0.17125737042348566
-0.2864485607942867
-0.19478163640446788
-0.3529770730757883
-0.42796255222362445
-0.4404567153890845
-0.15133917885532328
-0.2992479582727389
-0.14849351250219
-0.20425012844392232
-0.3888778570086332
-0.014685288093405163
-0.22953594075876005
-0.0741529081803147
-0.005523037576812894
0.02073205671188004
0.10840288921250446
0.23018132878784095
0.21070955361393756
0.08876080541022352
0.5193854447417909
0.4767207126309712
0.38400626802636073
0.31565010995471077
0.40910987276730326
0.30719462394746144
0.1538866840001395
0.18556575437725853
0.2743663020125039
0.14022432718626254
0.07746037825612873
0.1364187102797072
0.019867008198739766
-0.11992402084758957
-0.18306971290054952
-0.5044791448367831
-0.5203379621490098
-0.8872047543956179
-0.9209921284513003
-0.8185922361607503
-1.100826856719221
-1.3632352460213264
-1.3690599977486513
-1.40057245989009
-1.5701926793418206
-1.7038902439617878
-1.5768891593747119
-1.5381371856889308
-1.6427074089231883
-1.7419983315297864
-1.8620632625565086
-1.611235674755561
-1.6842352943193295
-1.5089643248950417
-1.6642270299300521
-1.4757939707856929
-1.4410789134450512
-1.2035870499791772
-1.1489905969269998
-1.0460726835800886
-0.8267329857781618
-0.5712647682508455
-0.389963506061623
-0.4001882769346709
0.06759247829063675
0.16226535015197519
0.2595549376019365
0.5243197179330588
0.6098384310417808
0.8647617339222089
0.9528657467886228
1.3195914709027048
1.3468839971382578
1.4947157058263316
1.4620093402984644
1.5632902034352005
1.7526882988008339
1.7141733954807774
1.696460305989459
1.8977587072949844
1.6139848027334316
1.6012550353726063
1.694340023241076
1.6286010109850357
1.619200746126101
1.3693351148515558
1.4448978529024064
1.3023136211416806
0.9565806562562648
1.0409998447986328
1.0731736584346936
0.6660393056521756
0.6061247535600102
0.4020128241106522
0.5005770395232987
0.17576991946884668
-0.0654269115191497
0.005215913176721543
-0.05467066028784029
-0.08996850393402567
-0.3204854372972752
-0.26604852412679436
-0.3310987048642474
-0.500836600497631
-0.29860049934591626
-0.5897221531243418
-0.3328399996122836
-0.4259597165348961
-0.30706443390117844
-0.08530607720410721
-0.21561317363843985
-0.07292154320646244
-0.024463486178448846
-0.13343098680613058
-0.18234836492131073
0.15336672142829885
0.19588876634204336
0.14642109393602787
0.4706750552868716
0.3786378863592749
0.37501678330652133
0.3419729880060612
0.34456123217035617
0.3477979677135157
0.3636189747798503
0.38927734717561047
0.20623590808418646
0.23475979269810832
0.2007602124805884
0.20597506110358454
-0.027641440832114728
0.04717549599161197
-0.1104194235411734
-0.24894865932461696
-0.3882995781582912
-0.5032009575223426
-0.7976138510617887
-0.6538281505277099
-0.890300633237344
-1.1784279008081953
-1.1424208135616276
-1.2947152124586252
-1.3447444377334534
-1.584397819104554
-1.6475400969269178
-1.7266505653408715
-1.647105550370902
-1.8249826830911502
-1.9672240127673113
-1.7504556409439336
-1.8351416913206815
-1.6970083896874328
-1.6359150464113799
-1.7582338178837689
-1.5044644585379672
-1.397900778748156
-1.2623754327531336
-1.1512418244210305
-0.7786429966632573
-1.0049639147887415
-0.8623008699819862
-0.5595967774760121
-0.37602839614893363
-0.13020213570045014
-0.04366954781220224
0.5192352158984932
0.9665786742592166
1.3034759031658039
1.6672740030587958
1.8948459646057567
1.9303019865495294
1.9524156438690279
1.923612966123174
1.8075389845261443
1.5054835356559793
1.4203757534007724
1.1252021122059388
1.0877161750278344
0.8384224257468185
0.7564110417743056
0.8177468305303192
0.8134820093678375
0.9986865692666478
1.135056419802859
1.527150965483457
1.8826295366756671
1.9416121506828494
1.9326619684220114
2.3088514450918165
1.9894233241079253
1.7409563907911212
1.6559025901350455
1.265650850483309
0.8792747505215337
0.6949790076306257
-0.00481452995698195
-0.6085508936728661
-0.8441083535027907
-0.8171741126300704
-1.2984625258869609
-0.9806091752993402
-1.2480812090946982
-0.4368242317557398
-0.6022148948394511
-0.33251537095877515
0.09311533130011845
0.02557975814755603
0.6908332840948712
0.6385965105869037
0.7856898888634438
0.7319428471549777
0.7456344604603052
0.5099468618885432
0.2558371779673879
-0.10208240412112432
0.2479959647198456
0.22136184320681904
0.17781848406237774
0.360653495836287
0.2314045302247375
0.39008267022920046
0.15833486188520507
0.18064080390575327
0.2400389661974256
0.36255372664201657
0.07066069979083034
0.32501541371504494
0.22551383473982645
0.1535511049953836
0.19887960665670512
0.21494295937238372
-0.06257625553602253
-0.0910620118153771
-0.2809082982892299
-0.4649640751255051
-0.5697223642652218
-0.6551209041312951
-0.7251630614406674
-0.7491612971809534
-0.9888310677989923
-1.237250174881784
-1.1527332120366223
-1.4342565307981665
-1.534651442441714
-1.5529733838469224
-1.6293587309184625
-1.6524102556162106
-1.7992055523368844
-1.6152929446803264
-1.7783258950854965
-1.7443281360195213
-1.748911110358625
-1.6228957106477933
-1.6672077843383526
-1.4801128500021088
-1.448349292384751
-1.5222983605634033
-1.1577974325504672
-1.0945219686719208
-1.0383908853271386
-0.7576161746753304
-0.3822616508346536
-0.3630786670077141
-0.3739291300958527
-0.030826646785586918
0.500009381751155
0.6400207703747383
0.8559587762959384
1.2000473949967287
1.3476347092630778
1.451692367853419
1.4120384950179543
1.7080655097189676
1.5633809778981655
1.5764720474821283
1.3734227780860837
1.429867300275562
1.4111330800124613
1.2989728984402253
1.286168166521629
1.3634668378691348
1.2912842757704714
1.5764939205332356
1.3446777114413586
1.525066994397013
1.6476666143127732
1.5805292617700994
1.6230516309455552
1.516391951047431
1.4177827179942715
1.3783807787591682
1.3021390449656494
0.9564963492929737
0.7390874876321019
0.3939652260269262
0.20234730823906566
-0.2455719047502467
-0.3465352984112712
-0.4457709444003318
-0.7611702779297999
-0.7593977932006633
-0.6669323016498598
-0.6333114838726589
-0.37064655469804764
-0.4119418149518177
-0.1067684805267114
-0.18865366777763065
-0.1493383529597227
0.18084242554332303
0.20694544453232894
0.07263641209980717
0.19165646240554607
0.1784873436177317
0.06154468748316384
0.07555679346064649
0.3326718387396099
0.1360920830772857
0.21745548598001072
0.24725879528322825
0.1457507053098796
0.4090000930631707
0.5122599339291674
0.48366579234074264
0.308822630217655
0.44200026676812365
0.23494748809752508
0.4384324381853657
0.07862968717902041
0.016353626677958477
0.14663888555372462
0.05358156997075458
0.09237287679775918
-0.008422675289519566
-0.2204980238986768
-0.3775333606151453
-0.509689799964712
-0.4989242498671753
-0.7255118459916732
-0.8901026457435672
-0.8193225525456799
-0.9881279277330035
-1.2436685257316655
-1.3071124975274127
-1.3648036708560563
-1.5689666077724724
-1.6008596012176288
-1.5122624984900777
-1.8924528788114285
-1.7826010074012855
-1.7902941725084722
-1.5829554906325578
-1.7935309745012689
-1.6757060991686181
-1.6654972787849487
-1.5327568914370733
-1.5040486237816646
-1.446265991320008
-1.3468266646865894
-0.8541056786418308
-1.0670666746102104
-0.6140558492515651
-0.6005430812724624
-0.2900494457141339
-0.01567921039605094